survivor-idle_handgun_0;0;2;2;212;156;253;216;0.44575471698113206;0.4423076923076923
survivor-idle_handgun_1;0;216;2;212;156;253;216;0.44575471698113206;0.4423076923076923
survivor-idle_handgun_2;0;430;2;212;156;253;216;0.44575471698113206;0.44871794871794873
survivor-idle_handgun_3;0;644;2;211;156;253;216;0.44786729857819907;0.44871794871794873
survivor-idle_handgun_4;0;857;2;211;155;253;216;0.44786729857819907;0.45161290322580644
survivor-idle_handgun_5;0;1070;2;211;155;253;216;0.44786729857819907;0.45161290322580644
survivor-idle_handgun_6;0;1283;2;211;154;253;216;0.44786729857819907;0.45454545454545453
survivor-idle_handgun_7;0;1496;2;211;155;253;216;0.44786729857819907;0.45806451612903226
survivor-idle_handgun_8;0;1709;2;211;155;253;216;0.44786729857819907;0.45806451612903226
survivor-idle_handgun_9;0;2;160;211;154;253;216;0.44786729857819907;0.461038961038961
survivor-idle_handgun_10;0;215;160;211;154;253;216;0.44786729857819907;0.461038961038961
survivor-idle_handgun_11;0;428;160;211;154;253;216;0.44786729857819907;0.461038961038961
survivor-idle_handgun_12;0;641;160;211;155;253;216;0.44786729857819907;0.45806451612903226
survivor-idle_handgun_13;0;854;160;211;155;253;216;0.44786729857819907;0.45806451612903226
survivor-idle_handgun_14;0;1067;160;211;154;253;216;0.44786729857819907;0.45454545454545453
survivor-idle_handgun_15;0;1280;160;211;155;253;216;0.44786729857819907;0.45161290322580644
survivor-idle_handgun_16;0;1493;160;211;155;253;216;0.44786729857819907;0.45161290322580644
survivor-idle_handgun_17;0;1706;160;211;156;253;216;0.44786729857819907;0.44871794871794873
survivor-idle_handgun_18;0;2;318;212;156;253;216;0.44575471698113206;0.44871794871794873
survivor-idle_handgun_19;0;216;318;212;156;253;216;0.44575471698113206;0.4423076923076923
survivor-meleeattack_handgun_0;0;430;318;212;156;291;256;0.5023584905660378;0.5448717948717948
survivor-meleeattack_handgun_1;0;644;318;206;163;291;256;0.5218446601941747;0.5276073619631901
survivor-meleeattack_handgun_2;0;852;318;190;175;291;256;0.5657894736842105;0.49714285714285716
survivor-meleeattack_handgun_3;0;1044;318;171;183;291;256;0.6461988304093568;0.47540983606557374
survivor-meleeattack_handgun_4;0;1217;318;157;183;291;256;0.7420382165605095;0.47540983606557374
survivor-meleeattack_handgun_5;0;1376;318;163;180;291;256;0.7576687116564417;0.48333333333333334
survivor-meleeattack_handgun_6;0;1541;318;183;191;291;256;0.6202185792349727;0.43455497382198954
survivor-meleeattack_handgun_7;0;1726;318;244;163;291;256;0.4610655737704918;0.4723926380368098
survivor-meleeattack_handgun_8;0;2;511;213;166;291;256;0.4953051643192488;0.5240963855421686
survivor-meleeattack_handgun_9;0;217;511;187;192;291;256;0.5267379679144385;0.6145833333333334
survivor-meleeattack_handgun_10;0;406;511;193;184;291;256;0.5259067357512953;0.5978260869565217
survivor-meleeattack_handgun_11;0;601;511;196;171;291;256;0.5331632653061225;0.5380116959064327
survivor-meleeattack_handgun_12;0;799;511;216;163;291;256;0.4976851851851852;0.50920245398773
survivor-meleeattack_handgun_13;0;1017;511;225;155;291;256;0.4866666666666667;0.4967741935483871
survivor-meleeattack_handgun_14;0;1244;511;218;156;291;256;0.48853211009174313;0.532051282051282
survivor-move_handgun_0;0;1464;511;212;156;258;220;0.4339622641509434;0.46153846153846156
survivor-move_handgun_1;0;1678;511;212;156;258;220;0.4339622641509434;0.46153846153846156
survivor-move_handgun_2;0;2;705;212;156;258;220;0.4339622641509434;0.46153846153846156
survivor-move_handgun_3;0;216;705;212;156;258;220;0.4386792452830189;0.4551282051282051
survivor-move_handgun_4;0;430;705;212;157;258;220;0.4386792452830189;0.45222929936305734
survivor-move_handgun_5;0;644;705;213;158;258;220;0.4413145539906103;0.44936708860759494
survivor-move_handgun_6;0;859;705;213;157;258;220;0.4413145539906103;0.445859872611465
survivor-move_handgun_7;0;1074;705;214;158;258;220;0.4439252336448598;0.4430379746835443
survivor-move_handgun_8;0;1290;705;214;158;258;220;0.4439252336448598;0.43670886075949367
survivor-move_handgun_9;0;1506;705;214;158;258;220;0.4439252336448598;0.43670886075949367
survivor-move_handgun_10;0;1722;705;214;159;258;220;0.4439252336448598;0.4339622641509434
survivor-move_handgun_11;0;2;866;214;158;258;220;0.4439252336448598;0.43670886075949367
survivor-move_handgun_12;0;218;866;214;158;258;220;0.4439252336448598;0.43670886075949367
survivor-move_handgun_13;0;434;866;214;158;258;220;0.4439252336448598;0.4430379746835443
survivor-move_handgun_14;0;650;866;213;157;258;220;0.4413145539906103;0.445859872611465
survivor-move_handgun_15;0;865;866;213;158;258;220;0.4413145539906103;0.44936708860759494
survivor-move_handgun_16;0;1080;866;212;157;258;220;0.4386792452830189;0.45222929936305734
survivor-move_handgun_17;0;1294;866;212;156;258;220;0.4386792452830189;0.4551282051282051
survivor-move_handgun_18;0;1508;866;212;156;258;220;0.4339622641509434;0.46153846153846156
survivor-move_handgun_19;0;1722;866;212;156;258;220;0.4339622641509434;0.46153846153846156
survivor-reload_handgun_0;0;2;1026;212;156;260;230;0.44339622641509435;0.4935897435897436
survivor-reload_handgun_1;0;216;1026;212;157;260;230;0.44339622641509435;0.49044585987261147
survivor-reload_handgun_2;0;430;1026;212;158;260;230;0.44339622641509435;0.4810126582278481
survivor-reload_handgun_3;0;644;1026;214;160;260;230;0.4439252336448598;0.475
survivor-reload_handgun_4;0;860;1026;214;162;260;230;0.4439252336448598;0.46296296296296297
survivor-reload_handgun_5;0;1076;1026;216;165;260;230;0.4444444444444444;0.45454545454545453
survivor-reload_handgun_6;0;1294;1026;213;168;260;230;0.4460093896713615;0.44642857142857145
survivor-reload_handgun_7;0;1509;1026;210;171;260;230;0.4523809523809524;0.43859649122807015
survivor-reload_handgun_8;0;1721;1026;208;174;260;230;0.4567307692307692;0.4367816091954023
survivor-reload_handgun_9;0;2;1202;209;170;260;230;0.45454545454545453;0.4470588235294118
survivor-reload_handgun_10;0;213;1202;209;166;260;230;0.44976076555023925;0.4578313253012048
survivor-reload_handgun_11;0;424;1202;210;163;260;230;0.44761904761904764;0.4723926380368098
survivor-reload_handgun_12;0;636;1202;211;159;260;230;0.44549763033175355;0.48427672955974843
survivor-reload_handgun_13;0;849;1202;212;156;260;230;0.44339622641509435;0.4935897435897436
survivor-reload_handgun_14;0;1063;1202;211;156;260;230;0.44549763033175355;0.4935897435897436
survivor-shoot_handgun_0;0;1276;1202;212;156;255;215;0.4410377358490566;0.44551282051282054
survivor-shoot_handgun_1;0;1490;1202;202;156;255;215;0.47277227722772275;0.44551282051282054
survivor-shoot_handgun_2;0;1694;1202;207;156;255;215;0.45652173913043476;0.44551282051282054